18082855	56248230	53898464	29451286	84168128	31072188	90233044	86423031	63241739	23830528
59292866	27497283	19783862	50563469	47683201	8862774	95034560	11021238	91995239	74531655
5289251	28805575	97148450	91731004	5610103	19202775	31640028	73374265	78563231	57985993
64759753	95343030	11404606	82917702	99487578	67299563	26158435	65182972	87711604	39501452
42667366	84467208	33781354	90766181	33527223	21504705	65350215	82116786	39277631	70551201
59827294	27458916	83126889	95643618	27200492	76366053	63810689	14012285	18891743	24544845
53049094	52616286	34355546	64783443	34380408	14381756	79600863	44969039	11840344	34336581
10463470	19957227	61608620	20510784	12130742	87374276	54814961	90819864	77997313	29857153
9559862	53885677	12909101	97205177	95429092	18942337	16202970	57989545	86897624	27524029
12629416	51804221	62414837	65595262	52198411	27924397	17099226	36351695	5299498	6311178
5558489	45867374	20798846	71564260	31446506	93853995	59805099	64037284	56178061	67979905
70551239	73986986	18941430	83750232	43078602	78356875	33910244	89288255	38266998	77054369
25512901	13170785	20641968	25238543	72570954	20278605	73771937	44117231	4230170	51980920
46621442	13161279	64526484	47159043	565758	68901517	95248946	87902918	201731	19707840
71455212	98158213	57228642	5401679	85583411	26180589	40829157	65883767	53537539	62494457
35203117	1267629	9654785	21488449	60651817	45775666	66176166	95484840	3286541	81487939
65232294	69260864	97052087	94672518	1586207	93273835	18746325	17096038	77176111	15321860
42032512	59600708	56193376	18282486	35143628	90267036	70454713	40003261	98302677	48998000
91806143	56727687	13604602	90887651	95617580	43780836	21204300	22183601	96919810	14486543
45030003	9722344	25173259	79056080	54349667	43753467	90233041	35669545	7196516	86768373
10211862	2523901	98849785	5292121	38321262	86980357	91909041	39637602	53036612	56276658
73868769	68014443	38290539	88896830	11087862	43788571	55809974	98991142	97599939	61778268
12359833	31041224	71983812	97419525	84983463	9252058	6089183	82544911	23054293	66222570
72588172	31866939	69984776	20748481	88319692	39081774	72721209	38399099	61555916	52849676
60675003	8422869	15020525	61983339	18350001	24918981	6756514	77257838	87720774	32694289
21741909	54428204	3593551	62920717	1506804	94621241	80340426	86752378	599312	53379881
62294654	24832283	57189503	59854104	47555518	3335578	80865595	75050607	47110076	90667814
16950609	34433214	49630683	31017162	92954514	62492349	3571250	93798687	10139290	93216522
63454124	92114779	98686416	89983141	15959408	3429962	32888358	97635975	43619059	76949307
53262384	34393098	98938342	12629845	59994453	89819443	9369110	71718362	43533013	84159657
80929460	9106059	26236343	57876989	42328424	61043379	53248908	36160954	14034491	4333432
16657016	82313591	80041910	6053003	43806195	79733272	19990325	24276408	30173943	25941958
19213387	1425191	64440881	87400518	23888386	45003198	61516088	35181315	61892304	79393021
17636887	45232197	42032716	58293969	73027250	91157164	29470833	19135401	51683981	98204620
5671335	89258649	15268173	7794407	2035110	1492417	90372518	20065664	81044165	10340698
83610571	52750105	88785748	55549180	90412375	41676631	95103669	73834024	34871751	22372125
57541401	44042282	13582880	45067053	17296570	43120463	22574887	91810036	59439826	87616744
76332170	88038116	34235927	38167662	78749744	91047871	49609371	27026090	18920420	20251838
97667155	56307210	76444988	62520921	57070463	85872900	79483082	67790915	13697510	61498453
49930995	64032754	59533286	64860675	82667466	1673382	71433126	44280241	77637491	20770765
56540663	98697750	59242206	3229841	41739864	64554623	84379724	88121281	16279573	68570687
26469686	90846511	99169608	76248997	25535306	82759912	58488008	81621815	57912104	69709575
90294048	69217696	38232787	88550278	14179052	50287670	54684564	678392	29535023	65442967
38992155	49978742	25615055	93623413	15073272	82139712	87874450	3156630	37758096	19675088
10145438	80709292	85081951	16762435	43928213	97407321	63387690	15791144	29442433	49592865
34802706	92272418	25067233	70324004	50929857	81066313	97229433	58398682	50910077	48903531
2901359	48969724	31341882	83585043	86701166	41329736	71080190	47181488	49644961	11272632
36135163	8266780	39734267	57213496	32513317	80841522	26883270	34888844	83469380	46536590
499667	89950996	61638090	78033300	30913070	32687916	59469064	82694171	72478528	53180793
83486621	17071802	5266828	96666931	17373548	31851926	74714464	36955240	82752221	46383237
67957137	67858353	40804238	85716038	84416428	20421601	16564550	67237879	785165	22322602
87179077	31024056	38235917	42571929	20032983	42112643	79305776	62214574	75844841	72834422
89209507	23015538	60795674	46748289	18362447	90057091	70862145	41879660	51340082	73848612
44988299	17725770	6105596	91222013	50904615	95260891	77403948	28219951	94998197	56498921
90618298	97289672	75723588	94588350	91709404	69478622	44819727	41932544	63085060	10137185
45984069	1851023	6602184	54580936	53301517	22937707	19022161	69605733	30411948	40170777
9265414	45624780	73176148	89168919	14497673	28792408	79671101	37045388	83737791	97892909
95107608	49287264	62243268	23758294	46922305	22110921	53980730	90294633	85504894	20579023
30872986	66322069	32764000	51677722	21109098	23123270	38129627	29238698	66119680	14915798
82329555	72586052	48050602	71151644	23467955	91566581	60814225	86002172	44875681	56698940
65801662	41858347	55320196	86615451	69241201	5367744	75366667	17259768	78375752	8889354
6909414	38562316	86473045	98805778	46865613	47385825	23323624	73109973	94006588	10229053
32732256	49724201	13799812	72706600	45298787	51623062	39930491	93989912	19991138	83515607
47853437	1984395	21905079	29181289	2312776	38566717	62262467	5986351	36181821	99870534
58585008	92896392	37087116	46033907	3777240	98274888	62440155	47296327	26623079	16369843
28015588	21114576	80731442	35889668	7525194	88402156	35125503	33801129	86380236	15632408
51463878	95927003	25075237	77771475	31959147	19262218	49434236	87197960	72915436	18895806
70865718	10726130	42480755	23174933	7905270	12937027	66696117	30514711	15703446	33399459
94674689	69131731	9102659	38786437	80846947	45069651	72342968	13928776	64566033	20970017
35908138	63104301	51092956	67463695	23374237	5738386	70907547	23568331	44338498	73434071
88977948	35811278	67487824	71420637	99426952	36578957	4536389	75015099	37503798	18100174
69970033	23817177	5350643	13487367	68545094	23395395	5219315	56263284	50085622	42213004
68764311	76920020	26939318	85540597	64897516	68225290	65738803	4657323	11374493	80613456
80710762	65451335	60494034	23679239	93611357	22124506	95689586	49193278	81288691	19575008
13261542	98988220	28392938	61680221	46905000	82485896	46736106	26905175	76988153	61720151
35800900	13947192	92822663	2613799	74319554	9314455	67259457	93297662	60043470	34328136
79507058	98125032	50654400	39477302	73830418	50858406	48504337	37318575	30834773	7063028
7377433	40480069	29428248	75431429	31441926	23078923	97221546	55039430	27601583	37342859
23147732	88199829	83106554	34516086	96340240	48245500	96374979	16044157	78206854	44747437
74132341	51360334	13838085	43221252	35195305	65429075	59997345	79490343	53842811	86671190
70400584	52520915	52566933	76305553	32911384	42836716	2799566	27717749	32007875	29902279
29988103	49774931	44253821	10102560	72054681	26242410	35527478	47990218	89317229	87987451
30473538	9804207	52846639	65171656	80685662	38423809	10181494	84138659	26703836	16428638
93596018	33912281	32642434	83277077	792053	19303448	72658159	61162525	60730214	53444932
72166170	72073875	94601061	37335409	55252223	85938608	92964403	97103642	25868878	63015523
3697774	94445122	74573333	82606385	26682601	67775197	55685664	32128738	60419025	73172331
81377873	47811430	77036672	49669171	98212220	34835023	60114047	78141537	95026626	38470459
2028596	47115700	25756609	54097580	82792192	69469009	72928857	36646981	3486614	21392356
58325121	75589327	6827632	12968823	38619558	30501864	14918445	80304167	53483647	17755407
92828723	96418750	8042286	27390391	9213137	71473027	61392383	39080164	52011813	19110361
45880741	94762631	46517561	47940781	15430386	23129375	68154	5259487	15047456	4627814
2795417	9923674	65640286	11344430	11041127	31683381	7601238	86657896	33710655	23579625
98283969	87203558	70728154	91466093	74820744	70865044	23990677	78895451	3149682	46423262
39519109	17633835	23137917	70284498	94931798	33007648	36393123	59635350	87598511	10463622
43793084	16994694	3281143	14517060	64420248	86367212	81799148	68399679	22621585	19633023
69310794	88913935	6254620	47046752	6873430	79398370	82042484	58564167	75667936	34748580
874550	49350595	40536093	49966322	55691951	20599694	57405091	15974453	33667931	86284078
2917181	71260905	87625284	37754003	54934411	53792486	80184934	15938241	7083814	62554741
22469994	7286665	17209273	33470643	16575816	66141408	45828183	80191916	55453328	36785512
16171585	6200885	59295516	29298028	34390050	51633232	38349879	82441210	18625355	5919331
25086759	97523504	67809497	6721172	85852113	42256227	75333000	92453063	75333737	66929032
64153540	65823348	76623602	93756770	78465886	69000816	90627815	81521400	5456497	29701040
23814743	40767042	76618255	67579534	43771919	91129546	28499788	89667149	34055786	40274307
512878	56758565	42192420	41109792	46707229	83679661	57541210	13757718	77387738	82495534
50530431	45675428	83574147	11159261	71808393	22631456	47959768	64457225	89721772	33652252
59756051	49317147	16315327	64349435	50867899	27078334	27667970	81336487	27205584	31014907
53369437	9892077	98171679	10901858	73227252	59891256	93461722	88589652	34826640	64345944
16417013	98069266	96154780	93574826	57568510	55396290	2474570	55965551	18887330	50559750
855232	9349942	41402450	2729531	66291665	80756143	79934674	73488828	27797739	70111370
22385070	98265589	95907377	39215422	17764562	41582342	91670850	29863687	26103086	77019138
53229641	22752972	28869595	10456045	9104376	82607084	77035302	28282492	12562815	39944073
93080978	86002161	37475964	52575574	23513297	86169683	9916922	8900616	27118334	65842171
15461674	94030643	56816432	39344999	56889781	63168638	8167586	41918552	73185219	16339235
73309655	52586067	81409804	24239665	3090064	87199855	79321788	82945026	75260126	98984877
44007012	66528179	42861000	22723674	68714572	88321828	96912422	35371437	57415220	93247451
24487332	38556643	35479128	63130386	24240993	76411765	12556129	45707512	68998306	71923160
39767890	20249243	85591809	41723792	24907568	96236349	94314241	61244678	54203515	10877237
24078487	36838639	89079880	76169767	64728940	61292065	89229478	69455848	16483742	28038102
49236471	32521375	27259907	43663474	96775507	34154495	42059544	46732521	22705113	24205920
83965561	32812020	7412231	11783269	47450838	68930144	80690058	26740852	55281731	37270718
49924963	77029219	97746819	30700209	14736856	15124093	20414922	24828512	52399510	4165620
69731949	87112229	36177467	97230695	70103330	42290305	29227128	21629721	16507901	59297386
34810371	46434724	23430075	63303320	31485005	47984282	54855812	77612369	53150117	11221159
5536238	30336450	82952817	55478108	56007750	69995235	43147001	22867491	94797560	38113766
63712225	2200415	70641619	62568215	35393914	29118880	95898642	42642400	71864982	93883832
26873054	1672090	23171576	57846459	41956417	30051932	91865595	15561358	66441191	91451065
4308774	17367065	17725906	37684941	95410677	74863283	58521806	54079756	41707608	1334894
24602868	18461210	47912136	4705350	10628400	89250765	76246645	97673842	51097107	4594994
21383424	89618382	21164279	46208724	16548365	19153318	13324699	20749322	56571762	63776460
66602501	73775012	46777029	63440860	29080659	9755697	44247317	25828444	6171903	50952057
67681273	57615069	88906877	46319064	36685666	10092774	77877653	91896831	57273246	87891320
80561886	97502691	28194132	26858203	45868883	13100877	47634820	84560430	6362191	837309
89035126	23655548	5197888	33288006	34696244	61032901	9506245	60630542	66944620	89956664
65958256	98288919	51446063	35835669	47112446	91740211	87903611	78078355	21174	49104863
13544963	36558804	76769517	83316906	96381379	96533837	50977313	76258694	39700025	56078962
96848548	32581187	51979155	31951196	62566524	48516661	25561294	50070586	33864989	37898436
69602678	20884341	30532053	45174935	84598312	39086083	69062077	90393755	40608159	32897870
30465408	85675848	5021247	7072506	11569168	2882089	90534135	49215454	6743476	94454067
95530495	58967883	72312533	84894777	42789083	38936030	78733916	26675672	67672295	33964392
23004987	14385791	25263871	35472567	341072	71438870	68192105	6063756	80911979	62559881
12678224	76760976	57013047	80280888	8183336	52933899	45632988	15163717	42743790	96223685
46452012	59182814	43287603	90818252	8457837	10259811	30984335	46565250	92119895	17649532
84165734	19047816	13758082	59732908	93136189	78877480	9115326	75284023	34817279	19537705
45576628	94445029	86818590	62708029	31231844	57135018	43028382	94484692	96173804	65677404
51008796	20404305	88458479	62305828	68354726	17064298	58729080	92218165	25218718	71031884
62819177	24107084	76883730	67651598	42292690	29529831	89177762	17385384	88475691	98607525
92025671	4031935	68769597	92932573	42858180	45500784	71316817	80799848	29446556	24624944
37999907	65448208	27456163	1495164	29787669	97354089	69852667	1798173	11262709	5392466
25359809	95264663	8825523	73571638	45727965	49729302	17990204	94816939	66800659	95671477
67802162	85928516	48970610	36431708	2062026	80322738	66892569	95841257	8530117	92000300
14094548	46133900	92160770	91819352	52483309	16864313	9537946	695689	94672515	64516
98253080	3370818	62791259	93224897	79924823	82223701	46252182	14996363	77798670	84057993
11765430	53274074	80175663	13862626	2506337	26084026	84339848	3307029	21160716	49978236
89547821	59448271	16824261	17409034	63097056	64061929	96521639	1941091	15431409	96378429
16025417	30571807	35172727	66980708	10904088	97461816	53818062	56502429	96849061	55286181
78278929	39706036	85557412	48107217	49870107	72760297	67526924	75777120	47475183	67066863
49074626	47268485	42177894	99774896	25281407	50203474	31744039	95982143	98149285	41890903
14331726	70618772	5251174	4725450	18896424	6530256	52611589	90890573	38802194	73248275
71927691	20840082	7811264	79633230	14925598	51312010	14116135	66807925	37851301	4085461
30845356	74528248	38596272	14903933	52694709	2630591	72659218	5973013	82164117	97693519
54479856	51706195	68393797	24555251	60255711	68901128	51019236	96604893	73773530	38366440
83606956	32184995	51402724	94591056	17287533	94650803	20969793	9436715	50545455	99124027
84292209	79146406	98062639	67210340	61410224	31534238	51697645	85237105	75839859	76831631
49816907	75533520	22294009	28154190	38016571	33756118	65005656	24553801	87415104	73673365
24005575	40659495	39871211	46747324	47271659	32885851	98895948	7364274	76602727	86178969
40087687	3643953	21451845	34964478	67346268	61389736	93026203	14885860	28485831	47546705
84406285	94490365	81388481	52034674	90546646	55771198	91267198	45119772	7989254	40860240
80233772	11203620	10890715	34971807	77539479	20603291	19419566	57938690	40449221	67534374
33901122	21484441	82155598	40145885	66895470	28201137	83905631	67149371	32043633	1855842
46435627	5695407	893219	19308363	404074	62447387	31345418	48819764	61821664	12641216
225297	56858579	42762839	47030999	15292266	11490543	77867791	5625837	36853568	62589122
43524440	47909645	23052341	34784501	51649889	74344979	21461218	38432512	70039595	20173548
70114646	56849402	76322624	90962437	64602767	18355753	68418221	21420641	83740355	50080245
90496586	59309523	7075828	46198130	56567907	46848768	59641274	70066034	88046753	63674561
85260055	81972458	74778928	63687418	51573949	63234900	99087043	74425295	40127380	65114887
48579461	17919965	68831348	42548478	63060000	81680628	8998867	41527491	98145981	4792559
45771024	75004657	38803643	21423313	89469799	39468470	70206066	27696524	96226476	46502086
84359817	99915068	92882253	70793632	85586940	28177705	38808958	12132142	36640395	27482960
78763054	46950590	44488491	96440855	70259178	84177612	16710017	37536722	70366151	51710137
87281462	74175826	19452066	66366467	83322919	64350082	72424696	2995732	18529971	77435509
32677810	93514729	27613853	68620737	87588327	45514757	91900584	62800160	71819401	52604120
17585893	88038329	5020847	40793947	10021838	44905285	15137888	76114448	54492854	18438759
8194801	88191158	11920085	53518101	43047679	83034419	78624076	69529225	83632734	17613798
633924	11615812	45995507	25133425	42544283	41668492	62705985	69185681	81475606	59220392
82791519	52380538	54609615	95322816	70054704	85162468	68919599	35246614	182084	72027264
60415359	24575520	38452064	21615162	27733185	42098285	4550223	86199228	80568425	77473065
38409100	91797606	43571237	99431559	23540232	73629353	85186896	94816047	35824515	42926454
5680113	55827706	8866592	9899460	45053936	99756400	49328167	62193598	92325110	66118307
83680872	28840190	79383837	84257874	9311696	81058395	44510612	74032921	64428887	88456479
96747394	8243843	53358129	41462758	76827032	36649158	73044227	18395531	55865586	14450698
53540833	63444779	17057691	12173910	17949841	12114660	16880362	3798349	31867858	34852568
67065349	43329785	75645422	88779914	5693878	4984997	32546494	29159294	23878668	86534085
66822299	85522914	98003159	6584795	52754425	23873480	42871930	56522031	56903015	94734649
37121326	73598058	63282596	31165439	41828813	85460732	40865097	27951977	15277969	61741344
58379413	1624428	5634330	19466127	17578729	40583377	66790161	80220995	46766261	51205581
36661995	86284664	68689638	55575111	29248125	19570645	48314343	77224999	52493485	10368019
49268068	17620694	69212905	95943332	76517853	14170467	48709584	40055801	84348536	58919913
71135815	94719014	12050122	37948878	51333573	50504819	2819865	58177796	84491166	51287483
29917251	7727926	49116591	82022919	49261600	56707009	76927764	32730372	77725125	5534879
15579546	12122051	96756752	72345298	92565852	72675826	24783853	94138317	97321037	19112686
78304010	83548973	4040737	86767534	80821351	84876106	29786817	72932941	32886936	57385972
72958882	45570622	20906156	47405304	30705684	13414084	57399769	74428027	26993640	24013300
83857989	87049221	73911529	24540912	23521310	17628855	99488942	45487735	33966024	92711205
71702383	33116431	31045921	79151099	56200454	34641358	39150970	31291925	21214687	34750115
99848862	17463847	59548115	53805388	26657558	13491519	20393360	47507687	87055332	8216251
28879582	5675973	76998744	12848043	2120287	97142578	62100062	39707588	62776220	60284517
93350431	69490343	31664520	6391336	53467977	84661352	86820667	87833459	31437478	18260228
16354541	21986918	44752921	43981696	52663635	23734110	53148974	28174286	72110279	68470193
63622867	18274929	13397657	91253195	54753440	91829573	27457156	18842453	99061745	886583
3033260	49962208	61915765	11864577	54034223	105299	29984011	43011544	93052159	58589110
97290269	84160162	95042251	67798097	92688744	81104108	28645525	71756419	96752639	43825332
29110132	41719230	4813411	89541010	85277057	45126663	84872899	97564816	92330442	27207000
54376501	74716951	23467859	99737003	87703649	73303512	81521775	36090324	54224225	24030535
94376830	89166716	18810223	90266746	81196965	56526325	71482997	46744462	20260511	76368334
36213748	38299818	75165010	86639612	12509167	4948559	10876676	10379423	91105501	86072514
52161187	99340411	55016855	29571191	95257986	86673227	74636255	85221975	35828025	32612050
24606961	40395372	79040782	380047	93985565	99666572	67426114	20166803	23586519	86635469
64898	28129538	39849509	48605561	8582458	59494181	56948664	46097170	29346302	90873457
72562206	74204131	58211175	20694928	32537940	3317360	14286306	90728061	93603144	14622110
6842697	9087560	90734550	83309629	56188214	91919513	74063902	52501765	97498538	51758919
55516805	23386673	27640413	48508058	52324429	26552030	9484035	42482496	50171046	24226174
61279299	48933287	26896301	58462895	88561399	86500541	65769189	2971456	91025613	31344821
95037794	96244165	58397835	30922165	85978808	43039955	70735315	60879126	26515351	45045924
89271692	19541140	62303152	23025797	60190566	83284746	69301136	4813838	74844110	88481211
85852159	80005818	56897865	23859362	82115393	18465622	80737046	34335275	70584370	31166823
29222237	90832462	52655340	70705057	43899781	78369577	4758377	30978823	17398966	86608815
91931101	18701663	14167023	17752327	49007817	86480753	62354094	15592449	48295587	24431291
97295524	80081089	53259503	46002516	75865827	78505180	83293866	97899477	89554216	50079819
78520349	11947948	34798394	64803590	99035931	39760397	52102049	34798439	4884020	68776627
19783180	21129516	84137338	78636200	70059521	71101251	30251215	42415654	1543649	99458235
86293934	70842830	36530551	81571879	42396109	98492222	85557242	15187152	2970336	15940715
33844080	36413141	52504972	8593977	75892602	59193380	29618607	16588628	92850254	44165198
24659601	39574303	87060253	37187239	29825019	70796961	14283717	58618299	3401912	63728144
18113083	25285349	47355458	18759690	83607027	52714454	7324618	15876674	99365231	80447781
25265611	64045571	77443078	4285557	53025694	33607406	75897587	8812080	93059814	8332670
35442304	67041463	34463995	28554597	4912218	81674069	75228541	61575384	93177617	79383392
21186590	83744336	55952959	13869677	55975952	28298377	78026628	34701832	14178102	40831938
20814130	6133743	1064821	468383	61907938	99089508	41676076	49220990	21441117	388217
5976492	91034472	48335268	71608784	42233537	32698575	75215287	91601047	38035243	24156655
92934102	91827984	96862698	32385962	4207944	53071908	56758343	56462711	32429184	15377671
42048951	3012692	91828082	89397991	9937460	82434547	77566229	54406534	2713725	88324998
88850837	25475268	17670435	25447572	88526469	44126918	43486309	66875983	21910978	64187048
26341721	81854958	66940295	84457082	75452168	72901691	24864643	66004354	83491051	75915717
92136786	28879295	44892102	78478309	97325685	92598635	60139792	71758988	27542200	75401953
19824527	9169669	10947441	72120554	50312494	90052681	97215977	29836456	87841557	91081294
49532589	84927347	42678377	48919803	28187316	47216342	44134261	15892102	85718341	34039213
12307847	37737772	81023906	10622419	69782746	33720228	52805423	18869573	20989272	24435682
86234150	42666153	76724622	13188553	55762321	86459520	75451215	49990923	94636099	63363
28986054	32859163	66454421	86632999	37692313	30871682	62511672	46031212	89206957	3524095
52411511	34158331	97638508	81170368	14532831	36791429	22758640	52345982	86827760	29899898
6168591	95930492	69670865	57584837	82370527	69539415	74365637	81463093	25296001	8958956
86660054	54270375	31663657	42002918	25269177	98319412	29118718	77104915	62959212	84469886
9891211	12134196	37517770	27471880	93856457	29128397	80951222	74840737	24482112	27711396
35442608	43361253	31280894	61598350	7079507	33924962	4383515	90880984	79269218	25281611
92982357	63267813	91623875	17499805	28249597	79864131	53699261	42758306	49395641	70265825
50738328	45782269	58890987	22376778	71353220	6169534	28918026	69104805	76581516	96281028
20999284	81581204	72982258	25034250	85555399	50952364	92709765	87913099	51449555	92034560
11532315	68693246	38371633	72838622	86025152	30198343	90121885	89456514	29518358	93778880
17143882	91595946	75898143	46657650	85432980	29208292	87950512	70389125	50097833	71710685
64183229	76508794	79750778	16596319	3083664	57125769	20417156	17279433	60707455	58735253
80134009	2649841	85568163	58344271	25408264	46468530	89906826	8467268	99694468	19545871
72492724	19974791	57698539	32734066	74090288	96488860	38781101	83260672	55002991	9011283
92593634	55324249	63145022	77367575	43777038	58710691	91793561	56942831	34184601	26790004
57711916	10427285	860943	26908280	55245527	39690518	33323043	38948710	26907035	10775351
53420128	9187661	25998256	63598787	96536137	72417438	20800305	65452633	34340667	74441894
94893627	72788892	43951912	98103969	87724855	66684327	41603593	27220015	9208114	5967559
29482381	46682493	19909589	23504203	27838667	72020421	87517105	96723641	84330252	59638574
51483377	44119423	43974632	52569474	72486517	24490680	27749328	15248171	90035205	34800163
32391296	26986701	95591312	21846612	43611660	44995873	39279196	28455356	10986519	70955050
97447841	17850608	87164149	23302164	29472700	57479767	6131786	66742044	75043301	95781016
60222839	14426075	16318550	19240953	72550085	2197097	53871423	5314559	65972613	9708078
75367914	11899458	93712188	44932048	924433	47310078	70710060	9128447	90279642	91228677
7614075	64643759	54873338	45314380	58030226	66824733	75224940	7530593	80081679	85143982
17344464	81877755	66616519	97921995	69790539	83257575	76428914	68818848	12768413	88628831
42179590	83026693	26293252	7526769	26290834	40537552	26260700	59481355	65417037	25300429
80201637	95382735	97882608	31721643	1222480	72540315	25051261	3264369	42338145	68866998
61192010	38514688	5336441	41625020	42460757	5155738	18691761	75070149	79519036	5937688
95256539	30562439	16899408	17693092	82468921	53963139	12602484	48026200	13081585	46313088
83933979	77085676	98530969	21802014	8682725	90890826	95491974	94595234	19175431	81947858
88353911	72217324	99584266	52841469	17538793	41336401	56735185	99856851	98708373	40167007
95636040	6274333	81741502	58383694	44859963	16579335	92089328	88413252	90086016	30666125
67551379	21559274	57971740	52789471	98136764	34506123	52320602	21606351	17241705	31989035
79038264	25514416	99169780	81461948	64934428	10594114	98033290	41787654	1090525	84409969
42988463	52404695	88001324	90451551	12020547	95813234	86786730	70331419	8994061	31458321
17705806	97602364	34729137	67930848	82054469	95726462	19762738	63815343	98628860	97720733
56032106	5328023	29394106	80927670	53458878	95845587	47030862	14946091	68921046	52023877
56880510	84860670	20628168	34043388	87924870	81544877	4182271	10510469	90980336	68136477
77120209	83447753	93453493	38187363	71991389	92467781	19196030	85717265	35018772	19382802
66603468	72779718	2522940	19297115	36988123	67045379	17987016	45232181	75915054	72718770
66809536	58438845	16575727	63210281	82125605	91070680	26104673	23872069	76672737	97374371
43004804	62340616	74853526	61152770	70235862	77768165	70930240	16036043	2222227	20534926
72231442	43249203	72194615	3120093	24904801	25732146	93696694	18706204	15852341	82051712
90596331	16010055	12208661	95565311	7058746	38100982	8740628	50206801	82103841	66019506
96528413	51070583	70719488	48806925	92216273	76289612	40332946	30053428	2398897	78409676
71161223	28612541	15684103	714484	48066042	72520681	79043939	44597009	12390433	50787971
66972222	23725527	86308152	61807682	7943491	87436554	84455756	36354650	19041083	86959698
19164677	28096587	64938128	76951430	21028359	54112715	74662286	13734412	30490958	19158151
13361521	89015259	80588477	66692724	88425759	85489790	75501120	97535236	14363384	6726001
6073544	32481137	71624799	53686188	31817505	65814622	61462548	99970509	2406771	79543962
78364936	80070338	40695479	33889840	47081249	14658220	25744834	97873924	60018397	40992630
64123330	97208680	37387947	62294583	78648376	87155852	41586570	64056865	26953991	29536671
65896693	9056140	66849803	42701556	7514087	450776	14832160	54622142	96784924	5717760
20781553	4370957	9835013	76945185	75481698	11666430	35429606	96822707	24957352	60135985
28580014	40440160	73058140	27167728	72826926	70621072	30018260	63360411	60386992	33745954
95631375	68644216	37797807	10651356	96641514	94988906	10414022	40322938	63964675	77596968
35019930	39585728	32779579	70892171	32835143	49461209	31453739	68465306	96067592	75202674
98792947	23069609	88587404	86660757	64225579	23954204	50694525	45179075	98831866	61903959
78430585	95516257	52516884	516861	20138473	69726540	30553443	66364804	26063036	80984702
59768053	29975291	25787658	96781886	71009651	12790550	37634882	55573268	81812318	37176562
93936693	95033468	11593356	86974785	56533393	61677906	8077077	71012647	75673949	33228636
78591238	17182170	39174140	89057658	69703437	66246709	41295922	40120415	12334116	96412686
52399902	26900060	60905196	80550434	82261382	35790830	7245297	36646523	87825002	93713048
49323940	50688303	61232217	44659341	27468377	26398771	15806827	32697373	96441311	9644474
47444764	99824845	41203326	12898238	78312321	94424349	45858048	89148254	27379362	31568171
20741106	62976475	14636228	5709730	72760293	83286958	11782637	97628505	2928424	18011786
62067559	178933	57103100	57361867	31289034	80872255	23863880	67435825	34726157	59786763
39336897	90185561	4559470	8943811	55001255	73909101	71786932	40885297	52395651	18687095
18164598	22319576	31281444	76679502	7839334	29957682	46410386	63213809	94771602	14449820
23779550	43024975	38089224	56599728	92242702	49146977	42634806	71713612	39421160	47619049
36417872	60465355	66658562	64704375	36649255	95725963	87307476	77571437	25519061	70267218
58727368	62681445	28692182	98749252	56686295	7889428	10355208	7016324	44371444	44196388
47486788	84026960	99207272	14003265	79393376	24505725	27588545	99773085	33547448	90726801
17980650	57793917	37881494	51604428	72101702	33787784	9194229	7779217	3240231	70679715
12030949	51568842	68262756	66241987	2946368	40892183	4485640	41405904	13143377	63815725
33271248	22930139	45462615	93723889	26037622	58297175	34118770	26025103	87002687	54078248
8137326	57726885	53403451	26378254	63907306	63788677	73596223	68269997	79904542	56386321
28648406	90484134	15174129	97532637	6129953	95987808	79705654	76600817	78931163	60395457
92619683	82314075	49925217	50051255	78224005	60972443	50387837	4438056	16348465	97280888
89608422	19326163	60015348	35742087	78705040	89066725	43592117	18236665	13914425	47554784
6355264	31602653	59603904	28648257	72663387	6927385	78685802	41349976	24903525	2050494
64695506	19461495	92309187	1290116	80574838	23761534	40295246	88316865	64982108	81009656
61120296	18478850	94407389	62413075	98214630	64402111	80404482	79227428	88792408	88926748
30143502	33686505	42098453	83718649	48914653	82080151	25358763	63654229	58302412	85750899
31065735	33920658	6566597	39108504	97628546	81391454	74721869	95566049	34256307	22492039
82400261	88300961	72896142	30064315	4924402	92905560	67279307	45854323	94528353	94067150
97945784	82739617	52238343	10388270	12066819	24571630	67977845	35271490	89005007	60402629
40143009	14624383	9329216	47138797	3783514	76516308	24130072	89650941	99077757	26661828
41288279	70533518	22134506	3946592	56895473	71601150	51530610	82129019	22292305	815527
67504790	29587171	58150574	86419420	91093970	66949504	45136206	27421704	65299796	41598018
67358055	78869340	75355721	83782160	99741606	26498629	86202540	17337443	75329222	72763519
8741767	17174162	70468339	43154281	74276755	22022519	86599103	71309294	81567544	1286036
39081225	85249986	55909362	10296058	75583198	42647353	84567465	88476860	31824960	30950338
26081230	4849410	12271146	20993175	40326143	31601975	78771338	79998419	76360140	7240132
57065948	10932044	91391446	49131049	37584609	84992536	57881248	95614728	92202376	82642876
29187892	79376488	68152823	66888464	51910553	34192279	2488178	62337302	82071243	67097687
64925080	71915962	49307733	92647478	24888981	91587659	38416368	14656719	52820802	4044820
46456056	82439013	20231331	4678802	31075550	96994615	75366511	54338725	81084556	45038965
73493932	28768084	38506939	37038094	60565189	78809871	53046482	22975262	22576733	50910549
34556607	45629046	24169337	987858	58431622	87270248	50186737	96130026	64372608	62978629
35288603	27081808	3470395	54265702	2690795	91058952	26008584	88194261	48992816	71421957
3881924	84602372	3830709	58921654	85480520	99326090	76883341	11626060	69155846	17188759
24815885	30623073	55636619	8487970	43451291	15340709	80300248	79475788	96138670	58528614
43484179	86325998	4798711	2693264	16296397	31447153	75034171	84184869	71572241	13860585
1669081	37879408	71801471	14518402	42325244	56997889	52156231	93659512	25739369	38885132
73226414	82262965	19492831	70943755	45794616	37179240	73054033	98541616	66289190	16004512
37299113	29462425	82421793	58742516	26946068	26056428	47271825	48536440	19044427	69971978
35720800	3018056	57629170	17383942	11611310	8736759	5645309	87499900	57939318	69915219
80537072	23895243	4824105	39335425	82400617	44722795	56385460	89837312	76591220	36430979
19520054	89685993	97743958	30957240	24384212	52763427	93685974	72871003	2904313	15608794
51504737	38901778	32432721	39604070	73471013	54262310	39621191	95870073	91846830	10882314
2144028	66186689	74368690	44001400	69945925	13390894	88573786	91764835	41035458	77336862
48755501	83853185	22429506	90880250	76585600	68905254	4905783	94573088	73758903	74391932
8938659	78928361	99560013	82073297	41407897	11860617	4588687	51384317	42082998	32162794
95995194	83547507	78024110	35588148	7540202	12664090	75898372	21885774	4476182	3946790
73716308	65253663	80663605	57402816	99469487	52535549	76784614	93449939	12273975	51426293
49786092	52677435	25944048	26889089	32014493	42063581	69196116	61636043	16888220	7954743
89223039	34588328	36347383	48670653	51393896	66230989	60803454	97307124	60798643	86491928
43206241	27314998	9263079	28195010	1021505	42516888	97741506	62519093	21966286	1206530
97358702	98521229	15258394	31626700	59393842	31356408	74536620	47878412	53620937	57130028
4134728	67722175	82747233	22432066	8989307	54384159	64522375	89282128	86687634	20273885
49165479	3567461	3987991	54469563	37608644	87408169	47828318	7749516	27874282	16177698
9900789	99783915	60982321	34611533	16036476	73389136	67680094	11431777	21093298	27279057
49386355	28256279	13695428	49638214	68636224	72231464	13993397	27685150	76476060	49430722
7570768	92165884	8071043	76298212	68407743	30711717	65930068	44126623	14570370	41828073
31121569	21527290	33818029	94862444	82704653	94688013	83154074	61214365	10072231	71750142
56859447	84899142	4341926	15869337	58819914	79017947	77202435	83383313	93839244	48733562
77308806	9986590	2814652	83691929	17213316	23422695	87584321	42696697	87450656	54976921
34959828	51312090	25170104	53648912	49174367	10364980	96784136	72120140	26835853	19835006
20414869	29983308	95191673	49667288	14278362	60280486	81259546	90034182	20756690	62970780
61597645	97731287	18732617	62075816	69032038	25686101	51223176	71319953	9271648	81230616
70694936	18205131	20460325	6179568	21382827	21766151	45771935	83304069	61930724	33791173
77278220	15078700	19890438	30123915	17051680	78868340	28170515	12497033	79019573	36550610
99819918	27002118	75205942	64163502	85107852	16229960	24401329	1342950	11977722	49995927
68763101	79652481	7710829	44307257	36417566	34248958	26131178	10546860	17158069	88894386
37349558	41514882	78921934	11693415	74791455	86336750	4931030	14374402	71843389	5195700
88381081	90258500	68241428	8527304	6266365	31121759	10560943	77296449	83342095	3557201
93350066	80363159	20595273	74366939	94905904	55509779	68248233	90295600	78231940	96312839
87833534	22207418	82353571	94311714	46844340	26102370	85304032	78240096	97926471	58661861
24768640	90814635	39354666	76810241	885515	49791835	26519621	55490295	35143129	33211868
47058886	47870882	19960351	40185565	30784052	56246472	94853872	79148575	77807762	53954370
87138100	85192941	98654947	62032910	25915990	18163883	11435252	97904207	90274041	17630781
89042976	89321789	9795777	72749591	52449198	17624201	54299471	19696800	4325093	95946157
18261350	76938016	73037501	61706392	45714381	79072141	78925398	92355504	11823973	20306623
6296042	39809053	34365135	20358525	15905549	12758177	55758433	22160168	11501455	62634973
77801149	44061586	94849077	34789135	9882872	36667405	2575950	89571933	23490241	62367441
37162871	22045553	5863976	66856751	7036358	76815606	19051618	2573056	13619468	61110043
3406859	67924916	51881849	39935364	36010043	96475930	11475415	92579908	73674477	93970083
36290972	53593549	43096349	18389612	48824096	70225243	10856117	10606097	25377007	53500419
2833681	67389853	83120381	39139402	65672680	70738582	99072783	71205432	29931058	98462961
94506385	34609490	40851465	67648245	89558488	37320276	47610560	63453115	6040472	22285677
20594689	38484323	62107059	73622688	4125012	36039879	83848879	72837462	20304850	42691505
85315074	45536458	54216647	1346649	88662901	27761023	87398956	56174568	84415773	34551914
17289751	89812173	58451341	7046135	90335339	80850533	61561196	56007792	46504741	97031994
21808291	50186153	42469902	91127366	73773604	97358437	81507131	92865644	49779307	93486489
47036855	89728677	6379805	58475016	53097054	53668915	91499356	57719194	46231871	41582586
24343373	93768371	20880868	19238421	23385630	18995607	77630145	63963517	99415624	69615107
87704937	78995708	51688146	4483809	88632498	34063068	70765153	17964520	24090487	19074797
69564115	37304576	96322812	23088552	62987657	57437979	26247754	55632982	32707526	92830907
72340015	91565598	21385172	49691978	7058022	82963324	30440642	9619159	39837303	36145243
31657674	76892496	54646439	62115981	99884479	62093758	82206502	17533263	52896710	85100799
13202019	18722032	66412260	87849518	84216895	98732815	80945254	41142682	72999092	56367344
76612891	50120922	190375	64353717	99115989	95690629	2961333	73237923	34751315	49796464
68763114	96986062	33659183	85502058	16544087	14371810	47007091	8263896	17835834	99028107
22860213	87841375	2805184	49747393	59755532	80213113	19832358	10472762	59084925	17456867
42999625	85295490	50276389	56153298	67210854	24504676	82453171	12561878	34456260	14902630
13541058	73962081	15817033	67680793	22758139	6657043	2266449	39754766	16863569	34811440
51918939	79604850	16905701	50712430	28252529	32440802	57004303	55378188	51459517	42632100
13163035	49450905	6700966	1050929	60065432	53283206	7727690	62033487	82346832	16136344
23519888	88408284	15604404	25224536	97854731	22615707	30867584	643845	44416770	24525729
30361441	12617641	82522743	37013771	59615035	63859292	40783262	96979889	6665463	6387504
5499567	64345198	93550430	50623712	16688318	41073812	26857025	52052156	53641467	73421293
66823604	18638132	86587676	13665314	27621466	97869908	10031421	83689057	62088472	25148655
19488679	96042378	11187751	40752829	32859666	19665916	99652669	82514815	64964498	95517881
94424850	65536433	95310594	44368914	59966346	89133594	86330710	97812385	49795431	4634394
65972282	20203075	97266017	36146462	29050994	44580238	69988528	33358360	86221343	17198901
99141426	62046734	8332976	35602228	15683537	95931047	11441564	17784373	57368629	97735442
20834230	45819602	9438099	84130644	5728361	45395502	79288633	36173316	37898450	35467414
38757739	84924663	28517109	85578627	58873879	42388918	62387583	77624643	69884450	50262914
86114638	11336315	27894134	88508292	33876815	76249490	68025751	78526674	94778961	93276040
78598547	53201418	59085739	16265128	94801481	5495484	99513115	36581853	7554558	58989921
68026106	10257237	50874756	39759718	62000187	68478048	11719316	59554676	8283426	25787691
37755660	44140097	35024553	25465847	29446665	45182675	81962447	32507698	88905260	85931101
77701836	40332360	48772482	42033857	83460641	63999037	20419551	56329588	49626441	39868423
23346914	87703829	12694720	6987924	93024192	58762002	90442949	13329680	65275173	86114777
53149983	21242071	88611180	86797910	21452359	50960133	96060666	866124	33085104	20632880
59165260	40574192	43748680	35432303	38113792	12781299	87926140	43200262	9731842	35282559
13923805	53627729	52839176	79212171	10449126	19159529	18755526	68849650	46258452	65494030
95123346	25933836	15782520	31342198	18425087	70322884	93289559	69164354	73565989	5198899
59033541	41482863	23961198	49120046	77639043	74605181	57243248	55872509	66717207	73626086
86793672	56865628	28237402	99167968	98316594	97922734	80643560	81204323	25616578	31433106
86562675	25513214	91635179	49645681	45135444	66002748	18881729	37829185	53725230	42210813
36705004	66097916	29939601	30506711	50712855	87869831	12543705	48449391	38275220	53030703
84571395	48672125	17735715	44094519	35221549	36053652	88778364	50158351	32538819	80697737
20698906	96103559	67921979	62494844	5212320	81128600	64874446	554131	49345594	21558393
82925912	72254890	583775	36597628	88720381	99823404	38979711	24279219	38203792	62510138
63894860	20712333	35475319	79716697	69945311	20719165	95206329	88363251	80969567	12632489
67022151	72866837	48141335	5111977	6509218	8728125	49474232	85394558	28427862	56661721
17093929	51214004	60689155	1041949	17896383	45212922	93039916	22593614	79649504	4591584
22971858	46762662	27847379	61021088	22473218	76461101	46042508	87141832	89892672	23690432
40233812	91343935	57059057	32786551	80278535	94954118	89060841	84769689	35256611	72998000
67603880	32634678	44687469	43044963	30468540	80631655	16538832	75405976	70293589	73487266
30187129	69527758	62647584	42015016	72811354	6937449	70137035	16433371	92076523	45641609
92469321	55950932	61495810	59773845	48419335	16099926	65343829	53028998	37538840	94514137
76137681	33114753	11963442	93798430	85440703	77253463	32862071	26044841	56702781	79554566
6803391	72879023	86279805	94913113	24608542	83138222	89460937	14933737	62887979	37726806
80605595	98290384	48481620	32537257	88644455	2541416	85857248	50263155	57698022	27393321
5288532	36961626	14006218	41785363	72238202	93642509	66475930	9301058	9094349	57546364
22033093	9530793	19740955	35154061	37909117	87734998	46169318	71309800	97888048	20803073
69053260	88155719	41429747	18803465	70146962	24381102	45398716	51993332	10856082	87278219
79427493	18435724	33140250	53026056	92100715	87559295	76425955	21904822	74833296	27643618
3378458	50556752	39990000	88953440	13379537	13941728	1215722	66595294	97739998	51195140
63002267	37672246	54131576	23378508	68120641	83882427	50798629	38967430	14508876	4018362
72078007	24758800	72481327	38905244	73838928	31951464	3804998	83688013	38583514	44791562
30081882	81070625	13022673	89488257	2710908	34841173	85804480	79600226	68029269	99121684
64094005	86797812	57978364	22060144	5235446	70785525	37699663	6555842	79383498	23211314
20625527	60685950	14638798	47866741	71192670	46237531	84387138	18174409	87455875	16606754
20797740	27486020	69195169	69998542	43045210	39037202	51211563	63373338	10439767	18077119
1717442	29126250	10030752	37631738	34372894	66633838	66492907	32210409	1900391	45835190
18275184	23536681	79849634	78713475	10558100	25812060	98105203	81520817	21734832	61636451
79828286	22741801	80355343	51785923	76417757	19236785	13437403	82038336	66384304	63073086
44696938	23885648	40281555	51033030	79753092	80731306	1414525	33685175	55602300	12422467
6044950	53815702	5767091	37790372	77537313	95755289	11190816	44864402	32072941	38903812
72053076	1080978	95578791	62669324	67622941	11393281	6393363	7330477	15530303	96411798
12136054	94653349	70416777	93209032	42312964	22065963	39364739	47114317	33192575	44385814
97839433	61428341	42739148	44997478	81509247	1560093	2963260	4724861	63523799	64154630
57405977	96190279	29907914	18369370	42441915	7513211	62682774	21833967	89916204	32981389
37372579	31836757	7082462	41723682	63030092	94213592	32531251	17803227	31808714	70399770
98289737	4974506	18577174	7366151	80446031	1650066	45891583	38821089	66177936	50795877
80626722	1758103	94800778	84258278	20142788	18781311	29838299	28898937	52316735	17967585
54069451	87228354	61855897	89530796	54703566	29178390	34916969	29654743	47284669	32751097
19106285	22843857	46160883	63866733	18464899	44672265	16284593	31746482	61710157	66243329
65456960	25691057	83218995	58885682	85293547	31570182	31844245	51584940	57097794	76319932
71440359	60840969	49927245	38034626	33434822	22918073	4208050	48698735	33835479	59247766
3430813	45920583	77651553	76824556	66881311	76910787	44535883	24965669	34991507	6555649
58645865	37911557	15489409	24567875	34892082	39722899	812099	32581930	79361497	65397552
31663624	79883190	45984159	24347342	91272651	69439953	29413071	7150222	79434403	78217440
56716987	79239312	34955486	35646138	25063677	5431626	31825943	61676074	31182900	81438354
10310578	54414280	98229744	54945942	48726379	94134313	77621025	46670089	8256243	81439713
64296305	69024148	78668031	83469966	22559067	8954946	835198	28249896	5873601	46656515
80386224	75051334	32799695	81100783	77768371	98573857	70687276	60507943	62875771	45396504
43051868	61666009	81974290	54372138	34980127	26954812	67029310	95676714	88640474	74717470
23126133	79345178	54950058	47446294	28148179	68914719	58299020	83853787	32030481	59107125
65563016	80089492	60255589	47622900	3724328	76644	26691743	35198990	82666481	83917556
46221651	37290447	21777810	97711162	32116229	89333903	76881985	34736170	23128385	52112155
31367891	55048492	30113108	61517830	6284560	72726640	66683271	26742809	1261363	27940514
45278808	62208494	48292685	61436249	88330599	2468015	41740962	10291140	84565668	99479593
32694493	99841756	71322839	58390332	99627999	90009413	25258595	99092053	53774868	97042963
27325084	6900892	30041732	49343041	18036228	33954589	61026552	45637972	54977787	864419
85224381	48945617	72987678	2161875	62988624	63010538	8921617	20166106	4748952	22839422
50347548	80582352	29102589	70759406	79682763	24410402	64801936	62861434	60570949	66873039
35868456	29961531	24546352	86521619	24094373	28206766	15510537	16006710	28664762	42983776
2448280	68907130	97329399	49031128	37222545	32313767	66547158	51638918	68600904	50011099
80581278	76321168	93707179	43724465	54093997	38824660	66785263	1431842	47500402	489048
26871585	92468349	10305206	56719038	68953430	95984900	58244381	68311572	33483773	83913820
58064496	34896416	97458779	92552558	39981323	52637198	47504132	34518046	7155970	17242970
53628480	90005792	25508987	77791592	7840569	77762249	81537038	76072484	15786241	17639792
18800431	10809889	60723960	31711943	22921558	74939211	72931194	22094994	23152625	35311740
33379329	15469934	80303129	83784819	52614684	97921179	93246477	65519917	65552624	17408419
53341322	88070817	53557815	53079837	17883802	35047380	62471325	69378204	53353000	47087520
69044506	56413625	67129514	42885633	1322181	73529894	73000995	59849780	54373422	75039771
30099106	23206095	69395446	61027324	36031653	31053180	34792197	61230775	14370291	16723602
73625367	92060645	80217355	74170606	83503405	12583862	95216965	4691620	98647865	63245733
56248116	71541440	61526863	48463771	47663206	86644083	85437449	68745848	54491831	41857535
77779490	84832792	51531073	71763767	26498546	88621841	87316701	32938813	83839468	44071217
14989153	31291695	45372237	26799220	10918259	15289709	68416941	68612921	79821302	46453220
84296577	18708392	5173028	80320455	97016116	28958370	10780346	30177555	13503471	14140517
18085873	63001214	47887940	42445509	87011218	32231292	92765750	13309675	54686776	43058057
72292897	15760408	70417283	91328007	36732979	15892154	26150399	94999768	17507354	57338094
47631082	73265235	64925202	8197181	40674170	69952981	61540583	90041688	19085886	7154836
40924928	97229637	30237601	76915439	77983642	94675398	94664093	27631061	46871667	12134370
53769188	91427606	25480593	6358692	28719761	30476703	52142213	10206996	75738957	57013642
21926653	30836265	2579109	91435061	64518198	9194852	86053168	62753475	43463275	11925773
93205879	19755499	21728168	63926588	26071333	76235177	51197334	23482750	9524162	60723166
67705486	50611920	92911056	88471681	76834786	49859643	8217748	24343370	95757409	25877611
68650064	52538447	84050787	99455154	85696300	79133864	44335242	9020307	72115162	81768884
9244725	55090614	68275298	52891416	62364045	15486107	21150010	49585697	38942219	88103208
90959772	32987920	86047484	73247677	68888342	17119967	54625737	16523109	13980888	60445141
69869421	63954105	52253374	12895118	51385654	98544668	28776025	22778087	61401638	21415661
89444098	35239743	18887195	73663041	27963888	32542620	90190000	42023101	57988581	12387488
64611596	60221688	78807355	81144804	64491456	96089473	90524387	704291	61806990	57219187
21067144	35888808	28509684	60250450	55508754	34919831	9770893	34920570	93936905	29667719
99433281	45884288	44400261	23827699	42949142	2882785	49835021	17673417	44958381	30466275
57498896	51652030	37600970	96554640	16943282	19668774	79936614	79865549	79938420	20738092
15427924	59077611	51359671	12895057	62105366	50859465	35397477	52430834	58057618	28790001
92999864	34419369	59570705	31271443	27370116	29732430	96016591	49500568	58206182	45501733
27127104	16417722	14156883	86892706	2583752	50285583	51445680	18240657	80736248	81249209
38912106	86337053	82718011	22731496	76298445	69219056	51283064	38201395	54563277	82836353
50515570	63682422	43663640	29161057	44304590	66550268	16793323	63065228	28294668	58797344
45710979	67677448	70898860	81148988	20294537	6386579	62677802	41177044	97316498	23379223
19530893	14163955	12427814	21555280	97828843	76086757	55231209	62610507	54911655	15313988
36577649	364343	6756462	95642646	72938093	44520118	62374697	88105327	39024721	21202884
50507099	27443519	8463392	59217869	60787136	7102628	30632916	30725226	63305469	86095003
19372389	28865327	1816975	75884305	80705537	19699493	22948186	67674439	59989372	10544036
65881978	87133848	38306581	80592659	88305495	24173412	52549896	21046049	53860117	12763126
2634901	19840988	91701897	35724545	90493728	43507197	49202897	75934565	15868413	90267116
79318391	84816199	90428072	71055624	38785868	24435221	33039888	59150638	174082	59862812
96989885	36998218	94326626	61301536	45842166	7102034	60292768	54531117	97447416	35901751
50538453	66170498	34023991	72466258	30610652	8663664	941972	46728619	66086571	45201678
35705900	66905112	83073898	90946360	2648075	73116704	30051409	51998009	76498214	44394047
11410759	40786936	89014698	87595602	25405539	83378518	1768976	18453879	37450794	92723710
34288436	50058243	96796950	22131799	65863766	43013080	96617394	55186759	52011219	50397481
80988892	84523952	75236719	79275123	85180769	70542379	22503138	74792147	59008612	70579185
14208086	91467407	36702515	29886746	2737896	1696113	23899651	81187083	83909827	66864823
60795889	58221972	98079323	58602151	40711350	25019671	27038010	93808328	35280808	28312777
70598125	90447044	41436008	51113498	28498638	40224503	6778236	65233777	64993191	25995855
6635924	13979249	27156477	49109922	2397038	96381108	55523884	21347836	99332500	23727515
5603224	50950759	80380226	47279050	5223485	37526775	43136950	56490416	32683979	85694282
78935785	63170805	19929541	67297263	60124034	48556831	41269589	67409499	96740067	80096261
88255764	17486780	59978677	97897953	10771617	54170726	1451016	87080448	46414956	46849703
48794442	96034196	86549684	68130909	43308515	35606635	26642185	78215133	66971126	63168061
12646139	84305091	51136019	50727550	50760931	60414762	49286591	92883819	3938666	55319375
58700307	55804543	92944740	20395437	46506006	4158017	92613826	30096771	49683906	10549734
69156516	51002532	71058469	6091667	90220371	38308105	99908721	5547676	5860251	73016152
37840403	60368456	34526486	58075873	97904818	25460116	63880391	42735822	6016477	59632058
21051075	11723427	94782833	47237488	19591124	24590513	54121552	6395604	64307884	29919287
47961744	1114096	41263161	56360535	92132197	92166875	12774070	76905801	40945770	24988277
84803719	98798598	54871350	22927414	2139857	94218541	82643177	46659908	10852093	23522127
91282881	29376481	47809290	67653287	89528149	59644107	55652879	13074416	67287066	95418611
88338864	23629763	37957002	17508644	43301515	24873128	10603051	78432285	18682219	49361749
88018487	91908231	67861581	65223312	88450644	48745252	73405606	43491368	92663321	80453
86921102	90400212	72000759	57025552	26218570	80150180	60064693	29707146	68820801	9876692
40656270	36745315	81565972	12914007	66848298	55389635	14497027	51328145	49865900	63345141
2933831	18087422	79449909	77557055	87574398	32576248	73410661	92365907	81509176	78578997
23509448	11301545	42876178	34730418	25590531	17250247	29526487	24448728	62404762	32924600
89297	20808665	27470508	45267715	10408518	45024876	95794638	61276312	90287233	32237708
26660809	99302897	20016532	80094664	92592537	37328497	66251639	99908812	19449381	20972329
73569057	15305464	58646146	79056690	95586221	59909650	44663494	99117444	49129274	16383396
18712443	22656703	93947134	68426430	57811008	10075164	84811324	75859329	7153975	24022530
88760475	19393142	11210175	23619966	31718136	90137443	81050081	54513682	79660501	61998799
94213628	64937798	70644818	66356450	33450713	5611180	76157314	8190584	67464267	32738256
82358813	18787463	13424568	65948009	38743295	78755698	69160073	37283935	94866310	40187641
7580975	67581255	2252153	22386675	49625832	86062730	43380071	16082105	50715573	87980408
92370369	16501930	37005288	34246922	25847046	36276319	25210504	60418044	49149839	93625300
97793793	88164429	53907936	37726647	46854526	76426914	42180786	49883400	41343545	17087098
18442028	88468845	52445028	14480281	7279140	27742299	94662439	44947240	91628338	89364903
87070243	73060232	56939013	44472677	34174591	49399131	21052802	99856735	61198335	49131132
63447703	45350907	47542649	63303056	49376190	65898660	21917962	97615236	23133094	95605165
18978475	36629608	98650449	67805788	26651456	40840830	6732501	6727894	68624084	84608976
83026965	32056913	52935481	2035264	18456853	28890919	20578425	59903044	1519480	8393848
39582425	34505244	37892747	55640069	9360672	48665807	95188628	1206632	39123638	42021010
92470785	22003445	8128199	90312195	34228508	24896256	13986065	88101971	11015388	16225401
54181654	90294437	21828238	50460608	30364908	78760498	57163688	44141479	31456118	26481154
76680083	66827944	39984075	24142270	50665692	85371060	31986430	29628182	65239931	95225671
99729056	94931817	4992618	46607408	17782485	44669236	83360818	90192626	72266151	83663373
67023187	80814231	81467718	74943440	64334648	10989545	92400872	8032555	21648840	74431102
22306601	68950693	77933107	52067361	36623897	79512928	93837354	21540453	40020996	48464733
3626533	87515161	73296487	30827110	15965255	14866946	59213978	98672529	14471240	85290554
55407151	62098869	58378646	69256965	68983947	73041989	190229	2375863	89184467	356855
49000368	20977546	23958313	83076330	51937101	3683076	79354447	39522757	92888025	65087260
58828115	40350285	44986833	65603873	75028720	97200984	17350286	76854627	435489	68507666
45030585	90165614	98385318	4427356	69067450	18270098	15971402	9359509	47940510	53553298
87089228	68204010	23623538	61702980	96436706	1830828	63022180	92531139	37488656	48689856
97209821	28802865	22249498	89758684	25377510	40799903	62885643	21113011	97186309	90490407
86187403	19648953	8806580	82617360	73834134	70938688	36024781	82247915	67597658	85060659
87092259	91465080	51314166	36570336	87021733	31235922	39738474	7954019	94095659	54299131
26790427	15537690	31594616	29574853	73686346	85977930	44541738	9883022	25541603	31437799
69349500	42136839	64697235	79209993	38238051	89530425	81683888	9839544	18293270	16929472
97709477	38743758	90183719	84722212	32096476	138889	35664899	95131855	91962079	58470238
72912255	76139861	6142344	79683403	43956905	19670095	53454197	42889685	42235467	40886240
5682165	85426897	79238557	28000280	84136949	4556710	38567037	33162692	46165819	62734243
47623213	93864642	50203212	91143783	8271181	36190118	53942808	48943615	36676420	58624812
11425604	21770119	41779732	34272803	8944907	22947984	31431017	11990579	4516844	79604173
26779656	10822644	59831890	25719691	69199330	78604198	50086953	54068989	42727808	93199005
50284670	10242103	68155553	75810969	26245461	41827438	15517823	62356071	13547454	27372104
52300560	42310189	83436076	44371935	57781776	72749118	47808212	99700199	23742243	31086149
86122252	87006240	42744876	42929954	35572000	64649505	52891544	62083150	11771987	76619982
59817796	56065186	13421595	68721001	21317683	9600742	8682016	90617664	94776243	63760147
76008621	28104868	4413798	21011727	45993136	45583008	23151749	18582159	70497568	12909875
64650563	41539101	2583090	73916163	94320794	7286912	59453543	69482808	71043523	60399726
92792367	79270981	60212839	76396464	83675074	26252199	12196443	63647506	33675817	14196459
11912355	11810458	39258182	11048557	63265867	92266891	34360132	77489688	2865833	96402782
84096396	64743860	84137855	31499130	88672229	54014209	24119720	88004746	8471540	24305705
99543443	5364063	63747216	65121408	90169083	60103929	7298961	4307703	43682685	66929781
14322419	37111253	334981	17780186	61001278	84610977	43334048	1864983	14817991	58380608
19980458	74511991	40717294	42906901	44413902	22052224	42222999	44010612	65053789	51802131
16308558	82108451	37155257	52145926	35988706	89827960	76551671	3493791	93001542	3526546
4695937	73523289	3771179	2046959	38176651	9207156	27312959	55999484	7383407	88212638
70545158	98074132	70362429	23252526	82357938	85127093	13856206	39044035	97005553	76100855
75340030	5504719	13862585	26393531	26521017	99701621	76663911	91030221	71706669	92395328
99698409	57937445	91914003	96504097	72147110	49472500	29832700	98252743	75163376	35343974
99752018	77163267	18575757	48893992	59787953	43335803	33502057	92350858	11969283	30147427
60209248	68458936	66564889	97405376	14551341	17455474	14101341	81807559	44992897	43104516
22136854	13394257	87700959	12560548	61869901	20310011	39736452	5974161	14174596	72919761
56599790	50379857	93190542	52518605	81900349	49301544	91945719	72883988	71010235	1953974
58962143	26046075	99283372	9092617	82953404	43152320	9458186	61095056	41817302	35772523
143788	85648291	78557832	11135177	15601950	5113986	32020192	85429066	55731408	57130041
56610333	38639972	24701516	98022882	1118940	66094718	29996896	24003898	6328727	25899867
43344077	83032470	28588883	12688375	77225209	31161578	90532944	50619181	86466111	77427354
85664075	12447575	61858715	47643552	99033000	4408090	76544719	1102195	10521443	21011176
38251185	4650164	65760831	63624456	13233630	17982230	67546910	97939241	54487361	65580853
7636691	25795733	70792105	97652752	15806628	29250837	19351526	66850487	66713622	24694065
93402192	63449177	43049716	84381588	71754470	37386358	37975959	15993601	92512082	9347555
36379088	76398555	77707946	28104880	66609470	5501746	8944137	56776022	83580247	32476222
17216090	62899814	67729234	53812871	18059076	88799019	86668952	12601028	12425590	27577620
3094119	77110564	36880999	40839624	80406562	55109074	41877562	12044265	27659335	45865537
41344675	32325615	41156840	61665902	68908674	47368811	5710341	8629563	77710525	6517601
40133538	93923635	45837953	12466408	31847166	12868148	31111178	7031231	54003998	33198925
51727282	28007580	68610152	6142512	20846605	85396356	62673056	27080859	72773717	46901634
24395022	48686516	60723610	56474857	61485788	47028109	72940912	46406550	37261960	59324894
95836565	32882600	42697418	64151856	40336975	61939702	9916686	74001475	26542330	28010502
66789990	25173918	12344754	86714988	22685390	86512954	54471536	26854997	65050451	42224032
8016705	93177445	69439880	2501678	70576116	60506338	72633292	755610	23630927	9637182
16439119	34302950	33905285	35581446	26756363	12645183	33280451	98520325	16261963	30644977
15333351	16319352	26380303	41251170	56689808	41273890	88233999	53699713	54769052	71807482
34016485	66635052	20338590	28364643	16907778	46548215	77213393	33751878	64055481	66780680
26769757	64796042	15999381	47967316	4933951	11471789	30263394	39512583	36001626	14355492
74543211	88004400	44075502	14518834	30767107	8734810	82536323	9369043	64932962	83991319
13115670	30767830	39315459	37038821	65084053	57708830	44468499	55678874	86384268	70404474
84729325	48697833	74414301	9220179	21605582	34742133	74828155	75079834	50216758	59433485
27530712	75258135	67680729	47858157	25087592	6741979	6889205	51331159	38187305	38883136
21966709	83210905	93865545	9293206	36699730	146779	10427464	45237545	27531672	20229441
92885188	29573316	96808996	18507828	4044831	70978414	37052296	55080991	27171517	97420211
92345858	31390927	51981617	78593972	88690130	86893347	80306704	51702009	52878899	53827603
49361887	52742686	71244024	50825066	36060757	99914855	66602617	23200589	2861748	489834
80440664	74610837	61693891	55118701	52793926	14005613	21874076	89132323	54164973	58906857
55385298	86566840	19130820	90590296	73622232	78633635	71837926	28475753	26277290	54672075
14652999	59745361	34200571	71165458	78543551	11298274	32542512	71006414	61818575	63119315
78709575	8196833	11155011	5286713	91607098	65996750	26380923	992976	50761789	19250980
12397874	77383446	7818871	34345239	46157845	60393817	38222151	56386879	32322577	79667951
29650450	22833296	23290717	62806188	45687980	95070208	42132101	32431392	81140028	62475457
49893267	16675910	50282215	68819549	18886968	36574040	10760003	1730658	55045155	32107992
48637889	50126255	34740878	25150596	24189225	41506430	53518296	43167912	95033824	80144784
24116363	9155779	69690758	96130097	35940484	86756060	59255980	8102910	22439901	91060651
58630615	93831840	41245598	76769054	86991172	4777492	19790309	60595619	70126093	14399398
76245125	66074801	93084922	10515506	85665693	39056486	70577698	44092698	45773561	38591221
52076789	50259741	79846891	12201246	54571266	51025187	3383442	43227453	43975140	92980402
75788019	55819748	40305927	14760717	88744786	56662639	22042319	690966	6267538	13429776
7728245	55212695	37288521	48360251	68776942	18168011	76745389	13648763	37934262	64619792
8607779	72181519	65909142	42734992	24813438	31405796	15828984	72946592	83946220	24912635
492315	21864003	7685339	53518127	17509436	49925505	79497223	1555834	75361021	97949382
21085857	75484633	29132816	57249687	53402561	19015779	38131467	83873485	85070150	86919777
69985121	13900604	38662297	45724966	15169597	44152040	8538484	46201166	73969402	99420929
99163671	64877256	65369461	94412893	76373487	58276639	25263719	94220589	48268079	87161951
37383054	68148583	62604184	65074587	78284637	61516264	32849912	37412894	75342451	94358156
47746800	89106157	13118410	27507499	36912065	92336461	48657393	58481932	58985472	2739539
53726643	13141801	24359630	52066031	34199336	5767998	91170834	74477019	97346737	59919660
46130312	53194474	94626129	8066340	13090836	37209609	58348025	81633337	82857009	99424154
58479127	12376556	77135080	7498499	73829156	19611395	7397653	16957336	25987218	27235262
62799123	40206163	80319362	81298739	28218326	53619521	17164128	26514302	17352009	69233184
2672383	91340947	79676019	94989622	30927645	13365131	9331360	65056307	888499	87831210
50843240	98212011	41303753	8988427	71212721	2520499	82807239	26776735	35291290	94818189
48303678	57480754	51154940	52213600	78191694	73261445	70826395	29601899	39304964	83495122
19596912	24309605	16375423	57313898	26791837	54355550	73936456	30064816	13116178	37835673
51986640	70820575	88068463	58101488	53179175	9106878	39872962	34910377	44379720	61578504
24348088	14610666	76223502	42751025	51740745	83866748	12747486	13767671	60111186	87109529
15244188	40321873	53933526	43493748	756545	2708233	96511622	19475578	84609623	55530202
20690567	53268104	40083975	21420813	84675442	66027134	44869582	69014642	64400757	21690466
62034864	80340740	54921479	62073961	52695318	87087262	5642720	91569106	74227294	93368471
12631184	23157825	4222855	90453359	39054444	40526375	68639101	88117790	71826401	67280046
93253722	44205150	48400860	37774690	93216969	48824879	70155214	30658797	37971920	25292000
63438620	67952136	14276466	75676395	50015140	35219810	86485319	71470896	50323048	77199264
66564887	5308170	9080489	45163922	12624080	1517753	99711766	24690365	22926082	83321361
19956007	32865648	63273116	88274935	45142076	18376705	513071	24601168	95554445	21400421
22488184	52534445	8336223	45861936	50225441	30029842	87181426	40244380	63965138	44291637
93944555	77473703	41629274	66168615	79448863	80508322	90534606	5403368	28161370	97876560
41596456	30115051	30890384	77469360	42471325	51371595	81934195	28527456	89680529	30522294
60970567	34413179	32092028	84187533	49996227	24986330	96826009	441195	8093927	42073797
60979915	94566030	84924659	73810302	95842350	83219666	40390489	99300120	47327418	20721404
59976101	49811070	21100976	16695417	65001183	38668022	1850094	42910131	33645016	74292801
33048610	24233660	11814183	77725479	14968513	47852945	54751098	19484744	74046891	81288428
25017736	3042591	1779911	85361718	28653915	54698647	45448417	34394406	89490332	61349760
80629076	73086045	92223243	9200051	49630563	25113594	23183336	77210442	67504759	24806851
2648921	51333390	61498741	25508164	32923092	79152488	38866521	28458007	12728088	64172519
65467408	52509876	83373904	10089667	51785364	86562339	10916276	93463950	55636509	96129922
29988843	71395486	10172969	36320202	13398402	81614845	55662345	99617537	70493123	12606807
13962779	49760316	254079	67527465	23056931	38493729	75052834	75789284	16839532	24296651
38209700	2106645	28544010	71050962	95626438	76587556	62903534	97560545	94389785	98697481
8048019	36320055	73527940	98546879	5321078	26265201	1074305	84409641	86161696	14933516
31592666	80853654	97258334	81367570	42870247	63843440	46752942	87605940	66913844	87263396
54003405	91562979	72574757	68944655	41517774	18348544	41524483	94368849	14353923	83692266
36941344	70635960	45178432	89050269	49833615	32122524	91150274	2511868	62346635	99245514
67074342	98552820	67115047	37231647	70905732	39918927	4803235	95466114	7494228	66797532
53855189	22762271	76162055	41840462	58964635	7399385	43658768	48838448	55283672	74349475
93622293	8696209	64494328	25806645	45218883	72515178	84013655	68593511	56361619	72899642
93982003	8171871	23737245	82971598	66954139	10546087	77218163	59063901	94438439	65841804
85088700	89570804	71742510	93471102	94847808	81072896	41871412	86304308	48690225	84104350
78893863	23448467	96923523	94128630	73376625	32779823	87604012	4276718	18275986	16753678
43460389	86025015	81159818	96685959	8572939	24908106	423286	836301	65636551	63429232
62263813	3444476	45277161	64256532	9877132	23511285	83346391	21759197	18398864	65819322
10122663	73265237	89195012	9812476	15332968	19220753	79530764	64071872	91302919	81619806
10016840	66737818	44424727	45471041	25020263	9846824	51801626	41172900	15280552	75217373
57962961	38496382	1382367	76086761	67060326	15182267	95700065	54290369	31402847	64959173
94115947	81916124	46151438	72545454	72150464	69349957	84120642	24672723	80723310	12767554
74087167	72854557	49748318	62221998	27198982	68247217	21662923	59653956	67774456	21693338
89568744	13415930	77645019	36271595	27337740	74498246	33235710	12825323	2663513	25112228
44649600	99324357	64647540	63299017	89747094	38464041	47958196	39563481	93975825	70627044
62969146	15478051	80741165	73059607	64542970	76410880	33612014	59425170	64865174	54266883
93931212	10198083	91413015	70848965	89627538	74905572	10031214	89297894	16728528	92572415
10228734	86643230	1618285	41455049	52102231	17351079	57123343	31888690	17956173	281891
29481086	13483343	81645950	99138472	45447444	27502550	4937256	66547192	31817581	8191545
45178637	40357356	11503903	77360945	8913516	68359335	18592724	62416731	88792789	5288793
68840357	98276019	47841824	38147028	31080264	81959674	4888506	30833161	76900877	53477542
95224612	70283390	58497640	24273836	68730620	57253511	62703688	10044308	10347842	61404912
72839954	27271758	24919440	75497788	887033	36441676	75301506	64616711	3774562	31923023
28220049	17757493	92093692	29480395	49196468	16867940	39958232	87121680	98413392	92689475
4961104	39556756	99332662	85341464	20621731	85610294	39831071	26288759	74839252	26324827
27106968	58470571	32922474	86051410	87733955	30451973	63968551	8542213	60633650	92547844
2659535	45927832	49449962	95365857	1704845	81507689	74964073	68511155	60761405	89842068
52395610	81982008	59256160	88741865	73944770	65085339	77945483	50867057	69286493	9019767
71298180	8539868	44961303	47666840	1097989	81064997	21708859	85598639	75073129	27418930
71966609	90405284	13887018	41097738	31281875	83258012	93528784	86176739	52119478	23678614
24526232	94975051	26200044	22367614	71858443	75030336	38119326	84845500	99919883	51282501
75353839	45057350	45603331	16845878	27690315	25411806	48713713	73252743	49943040	89236975
50169089	86935393	92507265	50897454	37758706	54833724	6151188	76126734	18933592	36412967
21052813	64036577	35650704	23957583	51416166	32701876	67718916	92496283	5123846	90530995
23101472	69076082	67230135	17873532	8594177	86725892	43934956	65875404	53456539	53160019
96860074	63910667	73722554	64319364	43953701	63805396	24818906	79960738	57888220	19544032
28463440	74159044	39268403	88666725	33925402	63566037	72768551	15888737	20914759	90704955
89385663	70149039	86111683	40495348	77616475	26329302	20378184	56942852	25579296	17730337
82473119	55260693	16168384	70281513	87855337	95276309	1464497	86389251	30330075	1640722
9217806	80509119	79394301	68410608	27330068	36895514	2342990	35731285	84976490	74156333
17544625	15196800	67089262	30746400	66830025	54817295	13029375	84668510	94837436	44916540
85925928	44750788	71797775	596599	89416228	46326674	60679536	60000821	83447393	78405502
66326849	70775750	21940432	42033555	13934462	58595921	70686018	37077874	96325412	2327346
37776573	17358114	46879470	74701045	98110750	370275	71529780	28496089	45618603	75134812
46961656	75197408	69669580	82262110	75310905	67281808	86858338	16417445	36774350	47583177
70274049	52271725	83370934	82004025	81036407	95500682	45981346	14141512	50563609	31515559
45985526	41569531	346798	34981493	45544503	41852420	15672383	38028908	75678136	57603232
78939372	89991787	63455201	45468851	84737499	70116528	63732436	48098821	94478205	5402575
88748373	36465002	73663600	22757317	36122099	45752076	59864660	62129650	32111721	98441863
31397238	27284337	28150066	72658693	75843152	29665194	84346278	94313334	50780065	62342974
4753647	54017823	41697359	64589923	97428890	86158903	31851412	77317570	61149225	71047487
11757207	94904033	92718638	66201306	42695654	16682868	84366081	68426099	7338703	4924144
93193366	17891450	55427345	85959276	8719431	62930032	45748422	76814989	18600673	40637009
34110688	74382348	72015303	14838498	26622075	70716058	30926638	27456875	83223982	17066470
69817348	4224312	39237261	43641669	19861563	93042834	23182626	20939013	54771727	86975164
19752574	92045901	5355351	68393190	1870505	87683458	66192657	59166963	38758655	86194349
75147158	80249349	18067950	44299777	78291789	75907735	2189230	26299544	19447728	68123016
81773651	95549114	34406973	46828190	54455019	55319722	11516362	28629802	60867784	59721149
91992534	24662418	53289121	8239409	60684516	56584504	14389145	58980194	2904389	83365372
74196694	9530561	8597748	62585092	82383543	11549226	33152259	1996083	98706074	45347314
60493142	91576996	5679117	54214461	16616785	24099592	14142530	99992636	6078159	30313973
83188343	58067268	76907513	78532118	83320554	86331928	20819067	35093901	51926134	24591757
74473338	73340125	69449776	76836406	60692334	9133017	63419273	15941800	70107252	87648290
35237608	83461220	25668525	52339961	1975362	39747184	52525732	38092793	41541298	32894746
29647377	37285432	34779641	40954696	48104370	20594026	61552486	44873131	20337913	94722655
33438096	46219219	80227289	39244870	15250095	70003863	60750614	3702568	21770008	95990851
43178736	35451598	80338138	75595355	95246025	16233623	49131738	53004699	13075818	2522698
63077458	70318007	5538948	55436691	6931800	52926519	61462850	82536953	53818367	57620078
20654022	35132081	59540535	26592350	79347154	70104867	57458668	71301535	30341858	80413688
77914138	31863021	59714747	28507581	8481359	56225366	28473006	41442455	61246798	75631230
26665639	43790182	8590358	9440968	4742481	92731302	25650136	40837122	88405176	14175646
66619105	91050283	3249851	26754547	99080966	11859714	56291133	67939896	35392947	50873646
29242434	90358351	29656905	42891129	73853464	88305713	61725514	2256497	24776208	13008733
99256932	56113222	88412551	13300911	11644515	28805529	91652981	693281	40879118	81292587
37838164	88437283	95042859	60603189	39334868	71021365	48694144	67177023	75656323	56782975
34016555	62712256	11081284	33044914	98504297	19674527	82515895	22070031	43293909	23734176
30354378	81684445	20436494	87222198	71500512	44601820	75761293	68547440	81206979	44358085
54095017	90414112	95010772	44105910	45576033	4896714	78440906	74267614	84082253	18031873
66602107	42500401	73856476	77033340	50975992	88755823	58796904	71213908	81959725	92072578
27730262	28912476	79822548	77234400	49871982	84363349	39545331	72784962	63578098	53485639
56720867	40321954	66957318	49187847	91005686	79758277	96270499	47976222	79885569	33024445
24156159	18876013	44605611	45902126	78483436	15085906	1241948	73887253	28145222	32567851
46537073	858977	12549711	15483087	44800361	43357730	27661157	56247273	65758033	56094457
86246431	25511014	28673017	96295895	95915717	57674510	20729964	32357799	95319011	72395484
35197987	33316401	26095902	56086091	1882841	32234650	95814062	95439554	79954223	49176702
21555725	41303430	69513821	4769883	35382644	56393117	75741028	64930387	78632628	32483054
39596405	63753752	32835538	83783951	77460670	31758226	51231158	59469490	70792273	82249416
30213572	14456468	39446657	26503388	24997515	28199212	62922948	47788262	51729547	83586497
59641375	23713058	81141487	33876265	2239226	48142356	84293572	42870945	18271933	76737619
89192372	68526021	97635872	17369444	53369316	65605093	9471645	6291637	87225671	69019789
97975006	9871005	90246148	46414047	61572830	50809777	40766015	41124178	74010064	18149317
34337940	41276956	29261551	11201925	74580507	89227664	66781299	67487056	67381404	42887312
67221144	11679618	25869364	87448343	31094395	14917760	46080953	57667601	35262339	59898300
82123124	41695320	1985876	4834576	84609884	7963178	60315673	59370634	2105069	55099265
68640809	99331142	40923303	72034062	31598408	14240338	39508283	90281818	85041877	41374906
23905495	47333281	94525728	77437479	42440514	51312192	71204237	29324315	68048485	40572179
84100163	63464661	68110847	94609876	65848315	93521811	71023683	86552192	58432422	91606148
86947516	54790968	83485439	20003938	84291887	37938152	90189876	96124024	35697558	26187509
7723217	73953348	27644254	86911610	53108478	53690121	62360835	70913238	96292275	35636658
82273956	56647618	37253393	62992371	55170401	6818837	36525316	87407697	63733211	61535943
87623480	3564531	21211725	90614213	65752769	56318473	14244371	19975792	90297433	44224240
6365303	45917449	4392011	76717904	42926808	43760909	52033334	44013933	30944310	65423420
3864642	38715892	57784781	78035130	91752076	40886196	67016849	98532991	33297754	95678731
61838680	95224960	62093540	97847646	13072393	92569283	8891810	36966139	28213454	65150196
77536014	5591864	72557907	71843061	10553812	72714177	51894544	76627915	31642004	60950777
24276876	31215231	13389407	44729325	46906027	57559419	72795681	37101222	46748903	42417644
43167155	85976057	13210807	48116868	60698757	20930208	56007308	61657280	16569378	22269311
4045136	41617108	84270802	37085244	21652474	85883409	4398393	97453323	88470667	95921448
45740632	26429584	48629043	34040661	90131770	26432375	91361479	32258025	94386247	12291124
52688616	83659870	18331031	31848528	79991673	45825554	35647464	73558370	23681572	42299337
70403357	71834276	71849240	91351164	88594364	63129663	20353248	5472582	65301730	36485576
27131665	42951979	64600311	45346396	1469797	53141949	30836718	62506293	68353867	91849602
53470688	7637846	18626378	71885499	32735482	924534	12085663	53985759	8401994	10460858
95410642	82346252	95008243	40361926	87878098	13794012	44749045	85443883	38449131	84329438
41076696	21839883	67695647	15106556	93717661	37669141	31851445	14042357	36653725	5187909
75945010	46166980	80475303	92426335	6815912	67915398	17387575	3284445	56839237	1885689
46754436	10783549	43988120	10769040	94773728	69558125	54988738	84922160	87820354	65008722
50080133	94621956	6515475	18741024	76177441	20122838	75438155	40117300	26450918	48865602
1802012	57917968	38269664	31445841	85437435	21646098	37315074	13792481	44698426	24702556
19685893	62857472	59985610	63191564	72454665	79951423	40520025	1877697	413953	93914615
771499	82619413	78472703	65732277	59190320	76823793	16583801	85082600	94941732	39281364
97245814	32282456	46636232	99705462	6010492	51143236	91405593	92019597	96762477	74378799
26955212	22830663	84807840	45260648	47885664	31285313	60039487	4082189	62115246	79136118
47770110	72438667	19693365	98621390	56287978	36842417	6564590	15954858	69006814	74057992
70037858	63888395	84419995	78935681	69833493	22503836	17285401	85308883	38397135	68349516
12279362	90799054	10769937	70323361	84431741	17265269	93356211	17814693	79582630	98128002
79258025	97134558	44312137	2053780	6473870	53098546	30765354	532718	45456482	19659398
38467310	34002221	87776019	51541807	96903812	32013775	3538304	3034093	71417670	50794804
68518980	16088455	68780991	64412151	50306173	70399349	79182480	40353470	38188891	5576049
54486741	5735463	99101639	5876367	27176216	84930647	91777772	83937469	56164945	35171405
63027644	64520261	80583139	63374500	37057195	77826529	30574512	23284872	67885406	42034068
58246551	59710024	74818936	34204692	44757214	79806526	13849140	1919363	90389776	86074590
32055596	92024842	44063482	76400189	85198648	30930431	12292972	45697957	42883968	76792029
92107490	24013425	38154671	52367555	35483616	97536546	53410735	79763645	87177261	19059320
79051248	17179587	50129088	58074576	39980678	33675867	20246563	84343491	3726080	67541698
89850149	56170766	17350300	7280565	9776159	63572524	34034305	75119862	58367920	98256336
85271696	43364823	11459293	84178504	69022462	31310759	97164335	53314521	57814313	75779933
6708383	37696904	3420694	47557011	76610266	28586123	18714575	40808582	93182653	19640832
30360199	84305575	6724463	27744729	38818844	27748554	28919068	11093203	92037401	48819590
77327395	84647598	65913597	70620941	77823918	66922926	34459299	53603471	65404256	62340844
23623280	21871688	85739199	76057784	10785222	22390123	97259134	83346240	9604909	17994289
97119	64419020	73208841	81017136	8596082	98503460	74715952	73621331	60337248	74004019
8237721	19664887	54814564	21805431	42761310	30302377	62131267	40212153	76809830	29016096
28589717	91131200	66654833	36550462	53741690	43259907	70728109	1328184	39221086	32097459
96079205	98343269	37982857	97609504	74587411	15628381	63999359	52790709	23848312	8235158
87466495	14316108	63228480	75297260	6959594	65669792	58797589	66962837	17895613	32702419
33118573	15631913	79595249	6749169	20297241	98260425	9840847	91751997	42882327	10290932
94683584	14949569	57626540	10299585	33493933	98790700	45430279	82457305	84766836	34306941
74236330	89316476	94315250	42267592	79750442	5351473	9590060	9802350	38967483	31358581
42316422	26417765	69052648	3626238	75912726	65088307	49762431	44550315	50268218	83910882
14319419	54795844	49212573	34553679	53514121	79543017	87364913	19478481	68201439	98254870
4596201	33559960	40168622	80404009	4005662	95360392	17881420	68856616	32473780	92536756
49238013	2085035	4841258	38154105	21770592	50279013	4078465	93436690	78312429	67665418
78578184	81444293	43053120	97008537	30030818	88599984	87655178	95269271	41268930	87989505
79305700	89503593	43708632	45884673	71232214	94740249	28698097	51681583	4262173	91082886
91005982	65965856	59882675	28639927	42413415	3219921	84647012	91808813	46842886	68264593
69884924	69347978	80231691	63142105	325675	35299527	10861193	28621997	94087576	54496254
1099034	81291602	3821568	64237053	270202	98437205	31623249	26067638	34860050	51560943
74786716	7488859	72033356	44505391	96890967	84080414	37919709	19984956	41210713	93663441
53096314	37172514	17667500	97216219	56044631	92328410	97171853	82227493	68781315	22052184
51412571	90111412	13443034	22344342	14488874	54592233	24777207	59384759	81864986	84875206
69681373	10250744	78802197	42857511	36976897	56390066	96495376	2618787	86242489	89145616
34166467	24857180	55792359	71671594	89296686	49664283	83826625	63443355	59083338	94816197
27143341	23830179	43950508	88734035	54612573	33909011	95153813	33979815	93704591	33458350
48049843	30067875	43061449	89766406	5447606	40366708	35651568	10749931	15839484	5907963
86901160	59043308	1761521	83800062	75121408	99552497	8197974	64222636	57544771	48251798
9426413	39596960	25871001	57279079	52268719	25776126	90907812	60109598	18972177	92171316
30512290	96275439	59967450	74165692	32275286	61279627	65468287	85542600	87284133	62811108
81328614	65680349	9484107	31802195	88973824	48072664	73169995	15500842	67000954	30186376
35818465	49609861	15329333	13526665	55317816	94716	29664247	36099646	67569685	33571850
48896859	91230675	33944104	77112093	38553213	25754247	66060641	93719751	52075637	69765301
41835742	68290360	20154569	1479818	66090671	58502739	85335052	85677240	41973600	26070811
98675198	82252483	99590389	20248010	9143303	15484835	32499219	41738568	29656289	76855733
39899361	24356107	57632154	20251181	43109887	88529487	95474580	77091556	43192898	80610701
64215541	79916269	37530060	93326456	18751638	69917300	99479951	51814906	50492205	12421364
93585121	92869782	55495513	70953890	50157576	28746173	66652169	74676544	87074852	79313469
19952261	59102862	33685047	87495689	11390489	3939485	65493806	62283813	46295747	40659712
26721287	53416048	72026314	49293774	89789385	86189646	13159661	554171	31504280	73685114
51371848	44043613	28138611	34100013	19622826	91548313	37797492	89292033	7457538	89170098
58812555	6404147	45463450	82231810	21869246	27505605	29636907	83522763	24694646	69121335
88870228	75575222	51599869	86711184	39076807	81783721	56229133	25958002	29488552	99665636
54778872	19007593	59951348	94982313	56556688	73616586	70792310	97494379	88437777	67517511
23914840	68706982	10388377	41163039	37667398	41934448	16695407	24027711	38286519	40690166
48170035	15403484	31388165	9620520	70442221	48522232	69179659	62256669	59725401	11113679
31545382	64319739	33784084	82385507	97491305	93650813	56475809	96271561	37380595	11414382
25803838	74638418	47983202	1528454	38903086	28467854	31907398	77076929	11843732	9970542
29914030	29292389	36227956	63958708	56588827	46552508	71502494	42423075	57875132	22882935
64383526	26560467	77101640	18371550	54039664	12227709	99293290	86234076	41815359	76527291
73970175	46089921	3431217	66375126	28270748	21069560	67068511	92022660	67870277	85539209
99991581	26476131	89768944	92356319	43702562	48643366	32967781	21889791	33106541	78654678
65347621	93991470	659825	56659832	49513426	20992264	98780388	29805753	82710896	14704894
99456403	6439537	68266782	43157713	56394244	5433685	52022928	79112611	50590767	57362019
89820132	90756534	2753617	58218017	33561346	63155090	10060147	35838728	51997322	38473493
78201011	94157454	38940100	837548	86274567	45525520	38375859	26698105	16063066	57209083
93391009	12168976	33544887	468517	5731215	28620113	2890562	6728003	63908416	51732299
52722616	33664649	5868934	66691933	99310086	36202618	75837552	76318951	26735431	40199724
95483477	37994035	45806813	22253570	53201496	90276029	26692252	31223499	76445097	26873871
8389193	26779767	97309138	81361394	9818179	72368074	31398721	12582025	15846089	44468475
73059697	47444969	45623301	51188604	3460032	17055706	44933	12596497	70838776	73639486
5899457	47215761	88663132	66648569	62935854	71203679	25890903	3039983	12063536	16447196
48349199	51296846	91779743	35695348	37042393	32309971	65092053	49746069	15886904	14236428
77431925	66156515	82444883	86964477	11296657	92573209	17891098	99636625	98312627	92194925
9656698	82838883	33169703	11648882	4407785	53243595	2553063	2798441	30697472	63933459
64946705	70008782	10366591	40216	52477419	47832716	41564308	28144854	28987826	41773651
89727734	11672916	26642199	74995611	96289721	39230182	17262081	24828115	83019188	57435556
68621440	9097307	27449246	52025417	92763424	37373394	29134216	29824511	44095831	83347399
39674266	18667348	31540688	43083472	92084278	92926657	50843568	16422693	92947335	1923204
71821994	93991678	89095684	32414942	16068308	42743494	60409935	63089268	56820225	39690805
65411581	51475424	47766156	64894885	6737559	5982409	29329737	12735738	55661295	42411171
12265665	57544255	981255	4646911	49309774	51259934	65424686	53145862	96849219	35169119
97165260	88338769	78698222	89368833	28907255	97760227	6376135	27948929	65489639	46141571
5722310	55736483	12651741	23163910	5435477	39011830	87482322	70664945	55939091	4519771
84378365	61485743	4837251	81592951	81804985	38098451	51002114	88132044	19603302	86380191
81471750	92341267	43241811	16026174	76120355	66123029	35867337	25812268	34908254	54017604
20480850	84853840	55123065	98607982	40378145	83836939	43563608	42767257	717077	31108317
97465204	16303609	23068568	36287244	78163874	48947241	22871051	3681701	39197364	88936971
61903366	66159454	12185685	97802015	58340059	41137075	79138422	16971734	13625101	58788043
17821570	37089549	82274283	49561610	93530500	69408554	29075673	29233074	29640959	96848762
61271804	34127231	80687094	12803659	32668892	14535169	11669635	34148742	67960328	31075379
15520535	15657341	57620489	7133354	84742552	69452138	95077384	9180611	44743622	63089159
13078650	56246788	67333807	1347693	55543230	50020317	52321252	83879778	91072344	29587531
18971327	47482382	96125355	82482739	26769162	43409960	34263928	44030138	10460671	15475768
93243738	10131718	39738975	23919024	20034398	58101467	58146266	20635930	85211934	47025797
39283606	26322542	64837657	63289782	60205673	1228519	78025013	69525482	62072467	63272388
95073185	61381863	67550093	53954635	11166191	21556243	79947130	34397357	29363379	19421922
14692339	22066681	15051523	4295672	778269	65488101	36714588	10160539	97152751	56123844
11483147	33722668	79429414	15678471	17490364	12173278	38458830	2487143	41281877	44381505
25680256	20761771	36914601	71258964	72762260	11197664	60455742	71082262	87273098	71670756
22252278	92051177	2314854	26875562	33812547	97303329	82733725	67182232	7421728	73588140
54382585	10746358	84620634	95232422	67023011	51528954	9133381	68146234	80589639	48214553
17247142	42960922	6192078	11010526	61880393	6445977	16588664	330586	53352513	43117772
82759261	2356939	37778922	67366555	47096565	63041865	58824501	10833946	94263925	72203257
78730089	59247787	29071044	14701110	86323974	58346196	53157519	70162950	18659126	42366759
51624224	93221872	20335476	10065206	41426521	71216222	78951100	36270682	5052935	56859179
68532109	27862108	39676125	35622824	80527128	3443343	84816985	17463027	74842562	13116745
9222053	81459460	54442683	59759355	18553639	6088210	22146707	84049636	34498579	77390767
10078570	35826626	12970050	97070200	17091949	16267484	36219270	58131275	79471761	33819287
35340287	11574678	88089159	14753935	19318476	21226741	5474012	30305122	15048405	61651409
75510519	42242230	24116714	3017213	24245661	48083758	65483426	93739555	88075202	29079252
62762825	10042671	74572620	64477087	31559751	19081700	11795285	76566154	30565565	25542142
12821624	74371117	72079473	73467420	77909749	10459919	31032328	41985267	2173205	70060713
47373461	59708618	93177918	53050021	77733205	29965548	85602884	61485501	49272341	40010587
96799727	48032178	36214615	16962589	56341147	73496524	53183854	75123375	95806425	59084708
49556470	63233995	21207140	66396851	19853209	77892017	89438042	34126043	1349802	31700574
36807265	72233866	6640262	70438894	18469859	54103015	17181801	14817987	88178346	3537946
95462594	5052166	83926267	45065040	76619504	28586483	83720586	54661201	42100808	2086679
50114483	45566691	40143795	84557008	29833398	36828122	17391036	85152014	16556406	62153545
27121194	44720622	55630283	79103157	27264879	81561428	7339657	53961779	1040432	89793241
80150760	80086593	51757328	43264326	57983705	38118571	70482682	87814778	21747148	85397320
97216808	62538169	73293957	16424220	58423841	96568859	38251181	49423434	5454191	85238031
70556097	25715602	78021144	29071890	14844632	44056476	23923967	98764177	54476802	5256634
68059249	30049066	56541816	39831027	87694043	56480748	23118852	90695924	25160428	98427754
42077017	93145071	76683236	72821897	37043203	657949	35501905	59798622	13914700	18769569
14768861	92113	93109540	89927606	17493220	97903329	94564457	12361077	2608008	21009895
20253242	90584233	88038733	57397485	47998736	62448043	74061460	66894072	28331775	73817436
99611898	6636439	778569	72109858	72775087	39091732	4285272	12973430	1750267	28353360
26565947	43778490	77877488	42121113	98403670	28410160	78060306	91440745	78813000	70461149
35790086	82093774	1037090	36020312	49709378	43353756	43602784	15258815	89679388	73031124
16308691	35265778	39448527	16163766	53775051	41691069	38034432	62830809	82128609	49697207
29194877	47179527	16405384	95761743	82166741	86696688	58918529	31257005	41044001	43306501
53741030	84547695	77303776	2138771	24915265	283760	88890481	16264079	51426651	30196668
45669453	36920198	82083945	32088709	11629860	60445749	95024367	7580416	44083438	19821554
80896789	50538380	48185075	31800715	83961808	3721316	42616267	32114063	73711904	42094719
49043315	10465336	54699064	44143881	5527944	48990244	22548474	13208072	20794294	47586309
76013072	13204493	16227787	26775079	56687283	48777607	5644680	44675401	80512825	49310261
71398623	80545053	45041369	80131769	90930246	92789903	68306334	57949664	61413400	77833435
3897171	67455215	1867969	59782820	36776240	81802935	99489581	36197554	37360676	47651338
21851073	75198804	31588807	19457592	21761759	23424289	99213114	29350769	9299664	87896400
31843224	46898330	9611340	87313577	69884371	17068531	38267752	83474673	85517470	9362308
46345333	19193680	30966038	64934835	47223451	39408828	66718986	75290286	1402340	34946091
78544286	81599933	4714679	88966533	73008276	71827644	87405645	3388629	63402538	84189632
92639978	62402767	27446481	22121072	96479724	96457559	35231087	35773551	90983529	73892567
50280589	75626984	30435810	47791642	31651423	14287144	2706532	49216766	54398195	144747
88015297	94990996	77379154	96780257	39346387	75084489	92941551	61322734	5991248	36439774
99494683	51971482	3886976	50041969	70339640	18952571	6087556	98142588	69315685	38605523
84799506	62482099	90271622	36539337	71715755	72804640	92293746	53877076	28970746	24181669
71303050	87463583	48741614	20629883	80340841	13096665	15965929	33707507	57951658	77577142
22761626	13149192	48248445	60963882	13105257	92337418	23293555	82524111	53293656	12407227
12738718	43528203	37898113	44588965	81881471	92770756	69183323	55287690	41395789	84392592
